# Note: erstmal aus lensoptics übernommen, aber da fehlen wohl Linsen?
# sradius thickness material IOR V-no radius) [Canon anamorphic zoom, US Patent number: 3990785]
# Cylindrical lenses: 26, 27, 28, 29
100000.0    3.50000 	    	1.80518 	80
127.03100	10.80000	        1           80
823.29000	11.25000	    	1.75700 	80
-210.54107	0.2000  	        1           80
185.31600	3.25000 	    	1.75520 	70
89.33900	12.75000	    	1.51633 	70
423.10000	0.20000 	        1           70
95.47700	14.75000	    	1.80610 	70
-786.13000	59.0      	        1           70
75.52000	1.50000 	    	1.67000 	30
29.01160	10.35000	        1           30
43.50220	1.50000 	   	    1.60311 	30
27.83100	6.00000 	    	1.71736 	30
156.37390	1.905               1           30
-65.62300	1.25000 	    	1.58900 	30
35.9950 	3.50000 	    	1.59270 	30
313.82043	2.633   	        1           30
0    1.50000     	    1                   30
-364.93000	3.00000 	    	1.60729 	30
-74.95544	0.20000 	        1           30
151.50200	3.00000 	    	1.60729 	30
-134.09000	1.15000 	        1           30
-52.80000	1.80000 	    	1.80518 	30
-77.46800	0.20000 	        1           30
77.17700	4.00000 	    	1.60729 	30
443.28500	6.00000 	        1           30
75.8    	1.50000 	    	1.80610     30  CYLINDER_Y
38      	1.150000	        1           30  CYLINDER_Y
38      	4.00000 	    	1.48749     30  CYLINDER_Y
-129.63 	30.00               1           30  CYLINDER_Y

