# Note: Aspherics ignored
# patent number: US 9,063,321 B2
# patent location: https://patentimages.storage.googleapis.com/00/19/f5/a25afbd3a0dec5/US9063321.pdf
59.651   13.5165 1.779   60.195
99999    8.3239  1       56.327
-387.152 3.1750  1.607   44.660
39.359   14.6763 1       38.142
-77.204  3.3748  1.644   35.637
134.564  1.9489  1       34.986
1841.890 3.1599  1.729   35.062
44.564   6.1538  1.665   35.058
-99.356  5.8670  1       35.092
74.137   3.3831  1.834   34.341
-394.165 2.75    1       34.025
0        2.0043  0       28.289
-99.505  3       1.560   28.204     CYLINDER_Y
66.864   2.5329  1       28.472     CYLINDER_Y
99999    6.8     1.760   28.803
106      18.9558 1       30.268
214.178  10.562  1.760   41.126     CYLINDER_Y
-86.077  0.5     1       44.037     CYLINDER_Y
66.662   12      1.740   44.8
-253.776 0.8248  1       43.062
80.514   4.9899  1.761   42.070     CYLINDER_X
99999    3.8377  1       40.502
-317.653 9.0831  1.670   30.0969
24.228   8.7885  1.7     27.5772
-699.999 1.4853  1       26.6986
-88.266  3.0194  1.589   26.0934    CYLINDER_X
31.793   4.1228  1       25.3896    CYLINDER_X
-66.384  9.7264  1.741   24.2682
36.450   5.1279  1       25.3847
57.336   5.2776  1.830   30.6349
-59.820  33.0311 1       30.9171


