# Panavision 20mm anamorphic
# Patent: US 2006/0050403 A1
# Patent Location: https://patentimages.storage.googleapis.com/5e/43/8b/3fd30ce5890d6f/US20060050403A1.pdf
218.818  5.000   1.43875 100.24
38.506   23.534  1       76.3
222.116  3.8     1.61800 70.62
43.238   5.3     1       61.34
51.336   15.592  1.43875 61.44
77.033   0.1     1       55.06
43.190   7.697   1.43875 53.06
55.573   4.54    1       49.6 #          includes 0.109 AIR GAP
129.546  5.181   1.8052  48.9
-318.127 2.200   1.80440 47.8
97.742   3.870   1       44.96
-515.815 2.170   1.76200 44.58
86.505   0.700   1       43.26
44.464   3.560   1.8467  43.14
56.665   2       1.80610 42.1
38.814   1.380   1       40.28
47.058   3.798   1.8052  40.3
70.812   81.386  1       39.48
73.576   5.284   1.61800 22.68
-467.060 1.3     1       21.64
0        1.320   0       21.02
64.719   4.599   1.61800 21.24
280.545  6.476   1       20.96
-44.031  2.150   1.80400 20.62
-276.492 0.1     1       21.18
104.569  11.912  1.43875 21.4
-45.864  0.1     1       22.54
-125.907 2.2     1.73400 22.48
63.152   4.979   1       22.64
14624.0  2.250   1.7205  24.04
84.356   9.972   1.60300 24.68
-87.065  0.1     1       26.74
88.905   2.550   1.5213  27.4
56.430   14.288  1.43875 27.68
-114.090 0.1     1       29.36
84.019   6.824   1.72000 74.15
391.268  0.7     1       29.2 #          includes 0.1   AIR GAP
1395.656 2.527   1.7847  29.08
-105.898 0.1     1       29.08
-220.862 1.8     1.9013  28.88
72.073   0.911   1       28.5
128.877  3.169   1.72000 28.54
-118.373 1.432   1       28.58
136.373  2.444   1.816   56.48 CYLINDER_X
-176.528 0.125   1       56.04 CYLINDER_X
19.172   4.09    1.816   53.60 CYLINDER_X
18.137   3.765   1       52.88 CYLINDER_X
-192.507 1.047   1.67003 51.36 CYLINDER_X
24.412   2.982   1       51.08 CYLINDER_X
385.928  1.039   1.816   49.92 CYLINDER_Y
31.262   0.793   1       49.08 CYLINDER_Y
35.527   0.978   1.62588 49.56 CYLINDER_Y
29.063   2.085   1.84666 49.52 CYLINDER_Y
36.17    0.076   1       49.48 CYLINDER_Y
32.52    5.371   1.788   49.88 CYLINDER_Y
-182.118 1.037   1.80518 49.80 CYLINDER_Y
261.747  35.1035 1       47.20 CYLINDER_Y

