# schneider-anamorphic
# 31 (patent) 30.410140991210938 (raytraced)
# 
# Cylindrical lenses: 0, 1, 2, 4, 5
-101.3  4        1.591  60  CYLINDER_Y
50      7.7      1.762  60  CYLINDER_Y
87.3    71.3     1      60  CYLINDER_Y
999999  4.4      1.711  56
122.4   9.5      1.716  56  CYLINDER_Y
-122.4  2        1      56  CYLINDER_Y
38.4    6        1.681  36
-783.3  0.1      1      36
35.9    3.8      1.758  32
55.5    2.2      1      32
-575.3  9.2      1.624  28
18.8    3.05     1      21
0       3.05     0      21
-18.5   1.5      1.704  21
70.7    1.7      1      22
99.6    4.4      1.792  24
-26     0.3      1      24
115.2   3.9      1.732  28
-53.2   43.3809  1      28